dataset <- "L1"


favicon <- "L1.png"
icon_big <- "L1_big.png"

data_dir <- "data/2025-03-17_L1"


unreliable_gene_ids <- c(
  "WBGene00015522", "WBGene00196150", "WBGene00206533", "WBGene00000429", "WBGene00001079", "WBGene00001135", "WBGene00018172",
  "WBGene00200518", "WBGene00015520", "WBGene00015521", "WBGene00023498", "WBGene00023497", "WBGene00004397", "WBGene00006843",
  "WBGene00006783", "WBGene00006789"
  
)

bg_color <- "#b4d0f9"